[360,420,540,600,700,840,900,1200,1500,2000,3000,4500,6000,7000]
[420,540,700,800,900,1100,1100,1500,1700,2300,3500,5000,7000,8000]
[480,660,800,900,1000,1200,1400,1800,2000,2700,4000,5500,8000,9000]
[600,720,900,1000,1100,1500,1600,2000,2400,3000,4500,6500,9000,10000]
[660,840,1000,1100,1200,1700,1800,2300,2700,3500,5000,7500,10000,11000]
[780,960,1100,1400,1500,1800,2000,2600,3000,4000,5700,8500,11000,12000]
[840,1100,1200,1500,1700,2100,2300,2900,3400,4400,6500,9500,12000,13000]
[960,1200,1400,1600,1800,2300,2600,3200,3800,5000,7500,10500,13000,14000]
[1100,1400,1500,1700,2100,2600,2800,3600,4200,5500,8500,11500,14000,15000]
[1200,1500,1600,2000,2200,2800,3100,3900,4600,6000,9000,12500,15000,16000]
[1300,1600,1700,2100,2400,3000,3400,4200,5000,6500,10000,13500,16000,17000]
[1500,1800,2000,2300,2700,3300,3700,4600,5400,7000,11000,14500,17000,18000]
[1600,2000,2100,2400,2900,3600,4000,5000,5800,7500,12000,15500,18000,19000]
[1700,2100,2200,2700,3200,3900,4300,5300,6300,8000,13000,16500,19000,20000]
[1800,2200,2300,2800,3500,4100,4700,5700,6700,9000,14000,17500,20000,21000]
[2000,2300,2600,3000,3600,4500,5000,6200,7200,9500,15000,18500,21000,22000]
[2100,2600,2700,3300,3900,4700,5400,6700,7700,10000,16000,19000,22000,23000]
[2300,2700,2900,3400,4100,5100,5700,7000,8200,10500,17000,21000,23000,24500]
[2400,2900,3000,3600,4400,5300,6100,7400,8700,11000,18000,22000,24000,26000]
[2600,3000,3300,3900,4700,5700,6500,7800,9200,11500,19000,23000,25000,27500]
[2700,3200,3500,4100,5000,6000,7000,8300,10000,12000,20000,24000,26000,29000]
[2900,3400,3800,4400,5200,6300,7300,8700,10500,12700,21000,25000,27000,31000]
[3000,3500,3900,4600,5600,6600,7700,9200,11000,13500,22000,26000,28000,33000]
[3300,3800,4100,4800,5800,7000,8000,9600,11500,14000,23000,27000,29000,35000]
[3400,4000,4200,5100,6000,7200,8500,10000,12000,14500,24000,28000,30000,37000]
[3500,4100,4500,5300,6200,7400,9000,10500,12500,15000,25000,29000,31000,39000]
[3600,4300,3800,4600,6600,7600,9500,11000,12800,15500,26000,30000,32000,41000]
[3700,4500,3900,4900,6800,7800,9800,11500,13200,16000,27000,31000,33000,43000]
[3800,4700,4000,5200,7000,8200,10100,12000,13600,17000,28000,32000,34000,45000]
[3900,4900,4100,5500,7200,8600,10400,12500,14000,18000,29000,33000,35000,48000]
[4000,5100,4200,5800,7400,9000,10700,13000,15000,19000,30000,34000,36000,51000]
[4100,5300,4300,6100,7600,9400,11000,13500,15500,20000,31000,36000,37000,54000]
[4200,5500,4400,6400,7800,9800,11300,14000,16000,21000,32000,38000,38000,57000]
[4300,5700,4500,6700,6800,10200,11600,14500,16500,22000,33000,40000,39000,60000]
[4400,5900,4600,7000,7100,10600,11900,15000,17000,23000,34000,42000,40000,63000]
[4500,6100,4700,7300,7400,11000,12200,15600,17500,24000,35000,44000,41000,66000]
[4600,6300,4800,7600,7800,11400,12500,16200,18000,25000,36000,46000,42000,69000]
[4700,6500,4900,8000,8200,11800,12800,16800,18500,26000,37000,48000,43000,72000]
[4800,6700,5000,8400,8600,11500,13100,17400,19000,27000,38000,50000,44000,75000]
[4900,6900,5100,8800,9000,12000,13400,18000,20500,28000,39000,52000,45000,78000]
[5000,7100,5200,9200,9400,12500,13700,19000,21000,29000,40000,54000,46000,81000]
[5200,7400,5500,9700,9900,13500,14200,20000,21500,30000,41000,56000,47000,84000]
[5400,7700,5800,10200,10400,14500,14700,21000,22000,31000,42000,58000,48000,87000]
[5600,8000,6100,10700,10900,15500,15200,22000,22500,32000,43000,60000,49000,90000]
[5800,8300,6400,11200,11400,16500,15700,23000,23000,33000,44000,62000,50000,93000]
[6000,8600,6700,11700,11900,17500,16200,24000,23500,34000,45000,64000,52000,96000]
[6200,8900,7000,12200,12400,18500,16700,25000,24000,35000,46000,66000,54000,99000]
[6400,9200,7300,12700,12900,19500,17200,26000,24500,36000,47000,68000,56000,102000]
[6600,9500,7600,13200,13400,20500,17700,27000,25000,37000,48000,70000,58000,105000]
[6800,9800,7900,13700,13900,21500,18200,28000,26000,38000,49000,73000,60000,108000]
[7000,10300,8300,14700,14400,22500,18700,29000,27000,39000,50000,76000,62000,111000]
[7200,10800,8700,15700,14900,23500,19200,30000,28000,40000,51000,79000,65000,114000]
[7400,11300,9100,16700,15400,24500,19700,31000,29000,42000,52000,82000,68000,117000]
[7600,11800,9500,17700,15900,25500,20200,32000,30000,44000,53000,85000,71000,120000]
[7800,12300,9900,18700,16400,26500,20700,33000,31000,46000,54000,88000,74000,124000]
[8000,12800,10300,19700,16900,27500,21200,34000,32000,48000,55000,92000,77000,128000]
[8500,13800,11300,20700,17500,28500,21700,35000,33000,50000,56000,96000,80000,132000]
[9000,14800,12300,21700,18100,29500,22200,36000,34000,52000,57000,100000,84000,136000]
[9500,15800,13300,22700,18700,30500,22700,37000,35000,54000,58000,104000,88000,140000]
[10000,16800,14300,23700,19300,31500,23200,38000,36000,56000,59000,108000,92000,145000]
[10500,17800,15300,24700,19900,32500,23700,39000,37000,58000,60000,112000,96000,150000]
[11000,18800,16300,25700,20600,33500,24700,40000,38000,60000,61000,116000,100000,155000]
[11500,19800,17300,26700,21600,34500,25700,41000,39000,62000,62000,120000,104000,160000]
[12000,20800,18300,27700,22600,35500,26700,42000,40000,64000,64000,125000,108000,165000]
[12500,21800,19300,28700,23600,36500,27700,44000,41000,66000,66000,130000,112000,170000]
[13000,22800,20300,29700,24600,37500,28700,46000,42000,68000,69000,135000,116000,175000]
[13500,23800,21300,30700,25600,38500,29700,48000,44000,70000,72000,140000,120000,180000]
[14000,24800,22300,31700,26600,39500,30700,50000,46000,73000,75000,145000,125000,185000]
[14500,25800,23300,32700,27600,40500,31700,52000,48000,76000,80000,150000,130000,190000]
[15000,26800,24300,33700,28600,42500,32700,54000,50000,79000,85000,155000,135000,195000]
[15500,27800,25300,34700,29600,44500,33700,56000,52000,82000,90000,160000,140000,200000]
[16300,28800,26300,36700,30600,48500,34700,58000,54000,85000,95000,165000,145000,205000]
[17100,29800,27300,38700,31600,52500,35700,60000,56000,89000,100000,170000,150000,210000]
[17900,30800,28300,40700,32600,56500,36700,63000,58000,93000,105000,175000,155000,215000]
[18700,31800,29300,42700,33600,60500,37700,66000,60000,97000,110000,180000,160000,220000]
[19500,32800,30300,44700,34600,64500,38700,69000,62000,101000,115000,185000,165000,225000]
[20300,33800,31300,46700,35600,68500,39700,72000,64000,105000,120000,190000,170000,230000]
[21300,34800,32300,48700,36600,70500,41700,75000,66000,110000,125000,195000,175000,235000]
[22300,35800,33300,50700,37600,72500,43700,78000,68000,115000,130000,200000,180000,240000]
[23300,36800,34300,52700,38600,74500,45700,81000,70000,120000,135000,205000,185000,245000]
[24300,37800,35300,54700,39600,76500,47700,84000,72000,125000,140000,210000,190000]
[25300,38800,36300,56700,40600,78500,49700,87000,74000,130000,145000,215000]
[26300,39800,37300,58700,41600,80500,51700,90000,76000,135000,160000]
[27300,40800,38300,60700,42600,82500,53700,93000,78000,140000]
[28300,41800,39300,62700,43600,84500,55700,96000,80000,145000]
[29300,42800,40300,64700,44600,86500,57700,100000,85000,150000]
[30300,43800,41300,66700,45600,88500,59700,100000,85000,150000]
[31300,44800,42300,68700,46600,90500,61700]